name: Fuzzy_py39
channels:
  - conda-forge
  - defaults
dependencies:
  - asttokens=3.0.0=pyhd8ed1ab_1
  - bzip2=1.0.8=h2bbff1b_6
  - ca-certificates=2025.6.15=h4c7d964_0
  - colorama=0.4.6=pyhd8ed1ab_1
  - comm=0.2.2=pyhd8ed1ab_1
  - cpython=3.9.23=py39hd8ed1ab_0
  - debugpy=1.8.14=py39ha51f57c_0
  - decorator=5.2.1=pyhd8ed1ab_0
  - exceptiongroup=1.3.0=pyhd8ed1ab_0
  - executing=2.2.0=pyhd8ed1ab_0
  - expat=2.7.1=h8ddb27b_0
  - importlib-metadata=8.7.0=pyhe01879c_1
  - ipykernel=6.29.5=pyh4bbf305_0
  - ipython=8.18.1=pyh7428d3b_3
  - jedi=0.19.2=pyhd8ed1ab_1
  - jupyter_client=8.6.3=pyhd8ed1ab_1
  - jupyter_core=5.8.1=pyh5737063_0
  - krb5=1.21.3=hdf4eb48_0
  - libffi=3.4.4=hd77b12b_1
  - libsodium=1.0.20=hc70643c_0
  - matplotlib-inline=0.1.7=pyhd8ed1ab_1
  - nest-asyncio=1.6.0=pyhd8ed1ab_1
  - openssl=3.5.1=h725018a_0
  - packaging=25.0=pyh29332c3_1
  - parso=0.8.4=pyhd8ed1ab_1
  - pickleshare=0.7.5=pyhd8ed1ab_1004
  - pip=25.1=pyhc872135_2
  - platformdirs=4.3.8=pyhe01879c_0
  - prompt-toolkit=3.0.51=pyha770c72_0
  - psutil=7.0.0=py39ha55e580_0
  - pure_eval=0.2.3=pyhd8ed1ab_1
  - pygments=2.19.2=pyhd8ed1ab_0
  - python=3.9.23=h716150d_0
  - python-dateutil=2.9.0.post0=pyhe01879c_2
  - python_abi=3.9=2_cp39
  - pywin32=307=py39ha51f57c_3
  - pyzmq=27.0.0=py39h03e5c00_0
  - setuptools=78.1.1=py39haa95532_0
  - six=1.17.0=pyhd8ed1ab_0
  - sqlite=3.45.3=h2bbff1b_0
  - stack_data=0.6.3=pyhd8ed1ab_1
  - tk=8.6.14=h5e9d12e_1
  - tornado=6.5.1=py39ha55e580_0
  - traitlets=5.14.3=pyhd8ed1ab_1
  - typing_extensions=4.14.1=pyhe01879c_0
  - tzdata=2025b=h04d1e81_0
  - ucrt=10.0.22621.0=h57928b3_1
  - vc=14.42=haa95532_5
  - vc14_runtime=14.44.35208=h818238b_26
  - vs2015_runtime=14.44.35208=h38c0c73_26
  - wcwidth=0.2.13=pyhd8ed1ab_1
  - wheel=0.45.1=py39haa95532_0
  - xz=5.6.4=h4754444_1
  - zeromq=4.3.5=ha9f60a1_7
  - zipp=3.23.0=pyhd8ed1ab_0
  - zlib=1.2.13=h8cc25b3_1
  - pip:
      - contourpy==1.3.0
      - cycler==0.12.1
      - fonttools==4.58.5
      - importlib-resources==6.5.2
      - kiwisolver==1.4.7
      - matplotlib==3.9.4
      - networkx==3.2.1
      - numpy==2.0.2
      - pillow==11.3.0
      - pyparsing==3.2.3
      - scikit-fuzzy==0.5.0
      - scipy==1.13.1
